ID,Catagory,Pos_b,Pos_e,Privacy
10705,scene,21,23,日月潭
