ID,Catagory,Pos_b,Pos_e,Privacy
11857,game,2,5,王者荣耀
11857,game,30,33,王者荣耀
11857,game,34,36,楚留香
