ID,Catagory,Pos_b,Pos_e,Privacy
5579,name,15,19,保罗•盖蒂
