ID,Catagory,Pos_b,Pos_e,Privacy
7684,game,9,11,魔兽3
7684,game,13,15,星际2
