ID,Catagory,Pos_b,Pos_e,Privacy
8307,game,0,14,Warhammer40，000
